(kicad_pcb (version 20171130) (host pcbnew "(5.1.5)-3")

  (general
    (thickness 1.6)
    (drawings 10)
    (tracks 302)
    (zones 0)
    (modules 40)
    (nets 71)
  )

  (page A4)
  (layers
    (0 F.Cu signal)
    (31 B.Cu signal)
    (32 B.Adhes user)
    (33 F.Adhes user)
    (34 B.Paste user)
    (35 F.Paste user)
    (36 B.SilkS user)
    (37 F.SilkS user)
    (38 B.Mask user)
    (39 F.Mask user)
    (40 Dwgs.User user)
    (41 Cmts.User user)
    (42 Eco1.User user)
    (43 Eco2.User user)
    (44 Edge.Cuts user)
    (45 Margin user)
    (46 B.CrtYd user)
    (47 F.CrtYd user)
    (48 B.Fab user)
    (49 F.Fab user)
  )

  (setup
    (last_trace_width 0.25)
    (trace_clearance 0.2)
    (zone_clearance 0.508)
    (zone_45_only no)
    (trace_min 0.2)
    (via_size 0.8)
    (via_drill 0.4)
    (via_min_size 0.2)
    (via_min_drill 0.1)
    (blind_buried_vias_allowed yes)
    (uvia_size 0.3)
    (uvia_drill 0.1)
    (uvias_allowed yes)
    (uvia_min_size 0.2)
    (uvia_min_drill 0.1)
    (edge_width 0.05)
    (segment_width 0.2)
    (pcb_text_width 0.3)
    (pcb_text_size 1.5 1.5)
    (mod_edge_width 0.12)
    (mod_text_size 1 1)
    (mod_text_width 0.15)
    (pad_size 1.524 1.524)
    (pad_drill 0.762)
    (pad_to_mask_clearance 0.051)
    (solder_mask_min_width 0.25)
    (aux_axis_origin 0 0)
    (visible_elements 7FFFF7FF)
    (pcbplotparams
      (layerselection 0x010fc_ffffffff)
      (usegerberextensions false)
      (usegerberattributes false)
      (usegerberadvancedattributes false)
      (creategerberjobfile false)
      (excludeedgelayer true)
      (linewidth 0.100000)
      (plotframeref false)
      (viasonmask false)
      (mode 1)
      (useauxorigin false)
      (hpglpennumber 1)
      (hpglpenspeed 20)
      (hpglpendiameter 15.000000)
      (psnegative false)
      (psa4output false)
      (plotreference true)
      (plotvalue true)
      (plotinvisibletext false)
      (padsonsilk false)
      (subtractmaskfromsilk false)
      (outputformat 1)
      (mirror false)
      (drillshape 1)
      (scaleselection 1)
      (outputdirectory ""))
  )

  (net 0 "")
  (net 1 GND)
  (net 2 +5V)
  (net 3 +3V3)
  (net 4 /OSC8_IN)
  (net 5 /OSC8_OUT)
  (net 6 /OSC32_IN)
  (net 7 /OSC32_OUT)
  (net 8 /NRST)
  (net 9 "Net-(D1-Pad2)")
  (net 10 "Net-(D2-Pad2)")
  (net 11 /PA9)
  (net 12 /PA10)
  (net 13 /PC13)
  (net 14 "Net-(D5-Pad1)")
  (net 15 "Net-(D6-Pad1)")
  (net 16 "Net-(J1-Pad4)")
  (net 17 "Net-(J1-Pad1)")
  (net 18 /PB12)
  (net 19 /PB13)
  (net 20 /PB14)
  (net 21 /PB15)
  (net 22 /PB0)
  (net 23 /PA8)
  (net 24 /PA15)
  (net 25 /PB3)
  (net 26 /PB4)
  (net 27 /PB5)
  (net 28 /PB6)
  (net 29 /PB7)
  (net 30 /PB8)
  (net 31 /PB9)
  (net 32 /PA0)
  (net 33 /PA1)
  (net 34 /PA2)
  (net 35 /PA3)
  (net 36 /PA4)
  (net 37 /PA5)
  (net 38 /PA6)
  (net 39 /PA7)
  (net 40 /PB1)
  (net 41 /PB2)
  (net 42 /PB10)
  (net 43 /PB11)
  (net 44 /BOOT0)
  (net 45 "Net-(J4-Pad5)")
  (net 46 /PA13)
  (net 47 /PA14)
  (net 48 "Net-(J6-Pad1)")
  (net 49 "Net-(J6-Pad2)")
  (net 50 "Net-(J6-Pad3)")
  (net 51 "Net-(J7-Pad4)")
  (net 52 "Net-(R1-Pad1)")
  (net 53 "Net-(R2-Pad1)")
  (net 54 "Net-(U2-Pad1)")
  (net 55 "Net-(U2-Pad10)")
  (net 56 "Net-(U2-Pad11)")
  (net 57 "Net-(U2-Pad12)")
  (net 58 "Net-(U2-Pad13)")
  (net 59 "Net-(U2-Pad14)")
  (net 60 "Net-(U2-Pad16)")
  (net 61 "Net-(U2-Pad17)")
  (net 62 "Net-(U2-Pad18)")
  (net 63 "Net-(U2-Pad19)")
  (net 64 "Net-(U2-Pad22)")
  (net 65 "Net-(U2-Pad23)")
  (net 66 "Net-(U2-Pad24)")
  (net 67 "Net-(U3-Pad3)")
  (net 68 "Net-(U3-Pad7)")
  (net 69 /D+)
  (net 70 /D-)

  (net_class Default "This is the default net class."
    (clearance 0.2)
    (trace_width 0.25)
    (via_dia 0.8)
    (via_drill 0.4)
    (uvia_dia 0.3)
    (uvia_drill 0.1)
    (add_net +3V3)
    (add_net +5V)
    (add_net /BOOT0)
    (add_net /D+)
    (add_net /D-)
    (add_net /NRST)
    (add_net /OSC32_IN)
    (add_net /OSC32_OUT)
    (add_net /OSC8_IN)
    (add_net /OSC8_OUT)
    (add_net /PA0)
    (add_net /PA1)
    (add_net /PA10)
    (add_net /PA13)
    (add_net /PA14)
    (add_net /PA15)
    (add_net /PA2)
    (add_net /PA3)
    (add_net /PA4)
    (add_net /PA5)
    (add_net /PA6)
    (add_net /PA7)
    (add_net /PA8)
    (add_net /PA9)
    (add_net /PB0)
    (add_net /PB1)
    (add_net /PB10)
    (add_net /PB11)
    (add_net /PB12)
    (add_net /PB13)
    (add_net /PB14)
    (add_net /PB15)
    (add_net /PB2)
    (add_net /PB3)
    (add_net /PB4)
    (add_net /PB5)
    (add_net /PB6)
    (add_net /PB7)
    (add_net /PB8)
    (add_net /PB9)
    (add_net /PC13)
    (add_net GND)
    (add_net "Net-(D1-Pad2)")
    (add_net "Net-(D2-Pad2)")
    (add_net "Net-(D5-Pad1)")
    (add_net "Net-(D6-Pad1)")
    (add_net "Net-(J1-Pad1)")
    (add_net "Net-(J1-Pad4)")
    (add_net "Net-(J4-Pad5)")
    (add_net "Net-(J6-Pad1)")
    (add_net "Net-(J6-Pad2)")
    (add_net "Net-(J6-Pad3)")
    (add_net "Net-(J7-Pad4)")
    (add_net "Net-(R1-Pad1)")
    (add_net "Net-(R2-Pad1)")
    (add_net "Net-(U2-Pad1)")
    (add_net "Net-(U2-Pad10)")
    (add_net "Net-(U2-Pad11)")
    (add_net "Net-(U2-Pad12)")
    (add_net "Net-(U2-Pad13)")
    (add_net "Net-(U2-Pad14)")
    (add_net "Net-(U2-Pad16)")
    (add_net "Net-(U2-Pad17)")
    (add_net "Net-(U2-Pad18)")
    (add_net "Net-(U2-Pad19)")
    (add_net "Net-(U2-Pad22)")
    (add_net "Net-(U2-Pad23)")
    (add_net "Net-(U2-Pad24)")
    (add_net "Net-(U3-Pad3)")
    (add_net "Net-(U3-Pad7)")
  )

  (module Crystal:Crystal_SMD_HC49-SD (layer F.Cu) (tedit 5A1AD52C) (tstamp 5E6E7017)
    (at 70.104 148.844 270)
    (descr "SMD Crystal HC-49-SD http://cdn-reichelt.de/documents/datenblatt/B400/xxx-HC49-SMD.pdf, 11.4x4.7mm^2 package")
    (tags "SMD SMT crystal")
    (path /5ED33CF3)
    (attr smd)
    (fp_text reference Y2 (at 0 -3.8 90) (layer F.SilkS)
      (effects (font (size 1 1) (thickness 0.15)))
    )
    (fp_text value Crystal (at 0 3.8 90) (layer F.Fab)
      (effects (font (size 1 1) (thickness 0.15)))
    )
    (fp_arc (start 3.015 0) (end 3.015 -2.115) (angle 180) (layer F.Fab) (width 0.1))
    (fp_arc (start -3.015 0) (end -3.015 -2.115) (angle -180) (layer F.Fab) (width 0.1))
    (fp_line (start 6.8 -2.6) (end -6.8 -2.6) (layer F.CrtYd) (width 0.05))
    (fp_line (start 6.8 2.6) (end 6.8 -2.6) (layer F.CrtYd) (width 0.05))
    (fp_line (start -6.8 2.6) (end 6.8 2.6) (layer F.CrtYd) (width 0.05))
    (fp_line (start -6.8 -2.6) (end -6.8 2.6) (layer F.CrtYd) (width 0.05))
    (fp_line (start -6.7 2.55) (end 5.9 2.55) (layer F.SilkS) (width 0.12))
    (fp_line (start -6.7 -2.55) (end -6.7 2.55) (layer F.SilkS) (width 0.12))
    (fp_line (start 5.9 -2.55) (end -6.7 -2.55) (layer F.SilkS) (width 0.12))
    (fp_line (start -3.015 2.115) (end 3.015 2.115) (layer F.Fab) (width 0.1))
    (fp_line (start -3.015 -2.115) (end 3.015 -2.115) (layer F.Fab) (width 0.1))
    (fp_line (start 5.7 -2.35) (end -5.7 -2.35) (layer F.Fab) (width 0.1))
    (fp_line (start 5.7 2.35) (end 5.7 -2.35) (layer F.Fab) (width 0.1))
    (fp_line (start -5.7 2.35) (end 5.7 2.35) (layer F.Fab) (width 0.1))
    (fp_line (start -5.7 -2.35) (end -5.7 2.35) (layer F.Fab) (width 0.1))
    (fp_text user %R (at 0 0 90) (layer F.Fab)
      (effects (font (size 1 1) (thickness 0.15)))
    )
    (pad 2 smd rect (at 4.25 0 270) (size 4.5 2) (layers F.Cu F.Paste F.Mask)
      (net 7 /OSC32_OUT))
    (pad 1 smd rect (at -4.25 0 270) (size 4.5 2) (layers F.Cu F.Paste F.Mask)
      (net 6 /OSC32_IN))
    (model ${KISYS3DMOD}/Crystal.3dshapes/Crystal_SMD_HC49-SD.wrl
      (at (xyz 0 0 0))
      (scale (xyz 1 1 1))
      (rotate (xyz 0 0 0))
    )
  )

  (module Crystal:Crystal_SMD_HC49-SD (layer F.Cu) (tedit 5A1AD52C) (tstamp 5E6E6B5F)
    (at 64.262 148.844 270)
    (descr "SMD Crystal HC-49-SD http://cdn-reichelt.de/documents/datenblatt/B400/xxx-HC49-SMD.pdf, 11.4x4.7mm^2 package")
    (tags "SMD SMT crystal")
    (path /5E6F8D33)
    (attr smd)
    (fp_text reference Y1 (at 0 -3.8 90) (layer F.SilkS)
      (effects (font (size 1 1) (thickness 0.15)))
    )
    (fp_text value Crystal (at 0 3.8 90) (layer F.Fab)
      (effects (font (size 1 1) (thickness 0.15)))
    )
    (fp_arc (start 3.015 0) (end 3.015 -2.115) (angle 180) (layer F.Fab) (width 0.1))
    (fp_arc (start -3.015 0) (end -3.015 -2.115) (angle -180) (layer F.Fab) (width 0.1))
    (fp_line (start 6.8 -2.6) (end -6.8 -2.6) (layer F.CrtYd) (width 0.05))
    (fp_line (start 6.8 2.6) (end 6.8 -2.6) (layer F.CrtYd) (width 0.05))
    (fp_line (start -6.8 2.6) (end 6.8 2.6) (layer F.CrtYd) (width 0.05))
    (fp_line (start -6.8 -2.6) (end -6.8 2.6) (layer F.CrtYd) (width 0.05))
    (fp_line (start -6.7 2.55) (end 5.9 2.55) (layer F.SilkS) (width 0.12))
    (fp_line (start -6.7 -2.55) (end -6.7 2.55) (layer F.SilkS) (width 0.12))
    (fp_line (start 5.9 -2.55) (end -6.7 -2.55) (layer F.SilkS) (width 0.12))
    (fp_line (start -3.015 2.115) (end 3.015 2.115) (layer F.Fab) (width 0.1))
    (fp_line (start -3.015 -2.115) (end 3.015 -2.115) (layer F.Fab) (width 0.1))
    (fp_line (start 5.7 -2.35) (end -5.7 -2.35) (layer F.Fab) (width 0.1))
    (fp_line (start 5.7 2.35) (end 5.7 -2.35) (layer F.Fab) (width 0.1))
    (fp_line (start -5.7 2.35) (end 5.7 2.35) (layer F.Fab) (width 0.1))
    (fp_line (start -5.7 -2.35) (end -5.7 2.35) (layer F.Fab) (width 0.1))
    (fp_text user %R (at 0 0 90) (layer F.Fab)
      (effects (font (size 1 1) (thickness 0.15)))
    )
    (pad 2 smd rect (at 4.25 0 270) (size 4.5 2) (layers F.Cu F.Paste F.Mask)
      (net 5 /OSC8_OUT))
    (pad 1 smd rect (at -4.25 0 270) (size 4.5 2) (layers F.Cu F.Paste F.Mask)
      (net 4 /OSC8_IN))
    (model ${KISYS3DMOD}/Crystal.3dshapes/Crystal_SMD_HC49-SD.wrl
      (at (xyz 0 0 0))
      (scale (xyz 1 1 1))
      (rotate (xyz 0 0 0))
    )
  )

  (module Connector_USB:USB_Micro-B_Molex_47346-0001 (layer F.Cu) (tedit 5D8620A7) (tstamp 5E6DF263)
    (at 69.088 172.974)
    (descr "Micro USB B receptable with flange, bottom-mount, SMD, right-angle (http://www.molex.com/pdm_docs/sd/473460001_sd.pdf)")
    (tags "Micro B USB SMD")
    (path /5F02B73D)
    (attr smd)
    (fp_text reference J7 (at 0 -3.3 180) (layer F.SilkS)
      (effects (font (size 1 1) (thickness 0.15)))
    )
    (fp_text value USB_B_Micro (at 0 4.6 180) (layer F.Fab)
      (effects (font (size 1 1) (thickness 0.15)))
    )
    (fp_text user "PCB Edge" (at 0 2.67 180) (layer Dwgs.User)
      (effects (font (size 0.4 0.4) (thickness 0.04)))
    )
    (fp_text user %R (at 0 1.2) (layer F.Fab)
      (effects (font (size 1 1) (thickness 0.15)))
    )
    (fp_line (start 3.81 -1.71) (end 3.43 -1.71) (layer F.SilkS) (width 0.12))
    (fp_line (start 4.7 3.85) (end -4.7 3.85) (layer F.CrtYd) (width 0.05))
    (fp_line (start 4.7 -2.65) (end 4.7 3.85) (layer F.CrtYd) (width 0.05))
    (fp_line (start -4.7 -2.65) (end 4.7 -2.65) (layer F.CrtYd) (width 0.05))
    (fp_line (start -4.7 3.85) (end -4.7 -2.65) (layer F.CrtYd) (width 0.05))
    (fp_line (start 3.75 3.35) (end -3.75 3.35) (layer F.Fab) (width 0.1))
    (fp_line (start 3.75 -1.65) (end 3.75 3.35) (layer F.Fab) (width 0.1))
    (fp_line (start -3.75 -1.65) (end 3.75 -1.65) (layer F.Fab) (width 0.1))
    (fp_line (start -3.75 3.35) (end -3.75 -1.65) (layer F.Fab) (width 0.1))
    (fp_line (start 3.81 2.34) (end 3.81 2.6) (layer F.SilkS) (width 0.12))
    (fp_line (start 3.81 -1.71) (end 3.81 0.06) (layer F.SilkS) (width 0.12))
    (fp_line (start -3.81 -1.71) (end -3.43 -1.71) (layer F.SilkS) (width 0.12))
    (fp_line (start -3.81 0.06) (end -3.81 -1.71) (layer F.SilkS) (width 0.12))
    (fp_line (start -3.81 2.6) (end -3.81 2.34) (layer F.SilkS) (width 0.12))
    (fp_line (start -3.25 2.65) (end 3.25 2.65) (layer F.Fab) (width 0.1))
    (pad 1 smd rect (at -1.3 -1.46) (size 0.45 1.38) (layers F.Cu F.Paste F.Mask)
      (net 2 +5V))
    (pad 2 smd rect (at -0.65 -1.46) (size 0.45 1.38) (layers F.Cu F.Paste F.Mask)
      (net 70 /D-))
    (pad 3 smd rect (at 0 -1.46) (size 0.45 1.38) (layers F.Cu F.Paste F.Mask)
      (net 69 /D+))
    (pad 4 smd rect (at 0.65 -1.46) (size 0.45 1.38) (layers F.Cu F.Paste F.Mask)
      (net 51 "Net-(J7-Pad4)"))
    (pad 5 smd rect (at 1.3 -1.46) (size 0.45 1.38) (layers F.Cu F.Paste F.Mask)
      (net 1 GND))
    (pad 6 smd rect (at -2.4875 -1.375) (size 1.425 1.55) (layers F.Cu F.Paste F.Mask)
      (net 1 GND))
    (pad 6 smd rect (at 2.4875 -1.375) (size 1.425 1.55) (layers F.Cu F.Paste F.Mask)
      (net 1 GND))
    (pad 6 smd rect (at -3.375 1.2) (size 1.65 1.3) (layers F.Cu F.Paste F.Mask)
      (net 1 GND))
    (pad 6 smd rect (at 3.375 1.2) (size 1.65 1.3) (layers F.Cu F.Paste F.Mask)
      (net 1 GND))
    (pad 6 smd rect (at -1.15 1.2) (size 1.8 1.9) (layers F.Cu F.Paste F.Mask)
      (net 1 GND))
    (pad 6 smd rect (at 1.55 1.2) (size 1 1.9) (layers F.Cu F.Paste F.Mask)
      (net 1 GND))
    (model ${KISYS3DMOD}/Connector_USB.3dshapes/USB_Micro-B_Molex_47346-0001.wrl
      (at (xyz 0 0 0))
      (scale (xyz 1 1 1))
      (rotate (xyz 0 0 0))
    )
  )

  (module Button_Switch_SMD:SW_SPST_B3U-1000P-B (layer F.Cu) (tedit 5A02FC95) (tstamp 5E6DF2AD)
    (at 182.028444 98.8695)
    (descr "Ultra-small-sized Tactile Switch with High Contact Reliability, Top-actuated Model, without Ground Terminal, with Boss")
    (tags "Tactile Switch")
    (path /5EED0F53)
    (attr smd)
    (fp_text reference SW1 (at 0 -2.5) (layer F.SilkS)
      (effects (font (size 1 1) (thickness 0.15)))
    )
    (fp_text value SW_DIP_x01 (at 3.048 4.809) (layer F.Fab)
      (effects (font (size 1 1) (thickness 0.15)))
    )
    (fp_text user %R (at 0 -2.5) (layer F.Fab)
      (effects (font (size 1 1) (thickness 0.15)))
    )
    (fp_line (start -2.4 1.65) (end 2.4 1.65) (layer F.CrtYd) (width 0.05))
    (fp_line (start 2.4 1.65) (end 2.4 -1.65) (layer F.CrtYd) (width 0.05))
    (fp_line (start 2.4 -1.65) (end -2.4 -1.65) (layer F.CrtYd) (width 0.05))
    (fp_line (start -2.4 -1.65) (end -2.4 1.65) (layer F.CrtYd) (width 0.05))
    (fp_line (start -1.65 1.1) (end -1.65 1.4) (layer F.SilkS) (width 0.12))
    (fp_line (start -1.65 1.4) (end 1.65 1.4) (layer F.SilkS) (width 0.12))
    (fp_line (start 1.65 1.4) (end 1.65 1.1) (layer F.SilkS) (width 0.12))
    (fp_line (start -1.65 -1.1) (end -1.65 -1.4) (layer F.SilkS) (width 0.12))
    (fp_line (start -1.65 -1.4) (end 1.65 -1.4) (layer F.SilkS) (width 0.12))
    (fp_line (start 1.65 -1.4) (end 1.65 -1.1) (layer F.SilkS) (width 0.12))
    (fp_line (start -1.5 -1.25) (end 1.5 -1.25) (layer F.Fab) (width 0.1))
    (fp_line (start 1.5 -1.25) (end 1.5 1.25) (layer F.Fab) (width 0.1))
    (fp_line (start 1.5 1.25) (end -1.5 1.25) (layer F.Fab) (width 0.1))
    (fp_line (start -1.5 1.25) (end -1.5 -1.25) (layer F.Fab) (width 0.1))
    (fp_circle (center 0 0) (end 0.75 0) (layer F.Fab) (width 0.1))
    (pad 1 smd rect (at -1.7 0) (size 0.9 1.7) (layers F.Cu F.Paste F.Mask)
      (net 8 /NRST))
    (pad 2 smd rect (at 1.7 0) (size 0.9 1.7) (layers F.Cu F.Paste F.Mask)
      (net 1 GND))
    (pad "" np_thru_hole circle (at 0 0) (size 0.8 0.8) (drill 0.8) (layers *.Cu *.Mask))
    (model ${KISYS3DMOD}/Button_Switch_SMD.3dshapes/SW_SPST_B3U-1000P-B.wrl
      (at (xyz 0 0 0))
      (scale (xyz 1 1 1))
      (rotate (xyz 0 0 0))
    )
  )

  (module Connector_Card:microSD_HC_Hirose_DM3BT-DSF-PEJS (layer B.Cu) (tedit 5A1DBFB5) (tstamp 5E6E42F9)
    (at 42.672 162.814 180)
    (descr "Micro SD, SMD, reverse on-board, right-angle, push-pull (https://www.hirose.com/product/en/download_file/key_name/DM3BT-DSF-PEJS/category/Drawing%20(2D)/doc_file_id/44097/?file_category_id=6&item_id=06090029900&is_series=)")
    (tags "Micro SD")
    (path /5E7F0790)
    (attr smd)
    (fp_text reference J6 (at 0.425 9.525) (layer B.SilkS)
      (effects (font (size 1 1) (thickness 0.15)) (justify mirror))
    )
    (fp_text value Micro_SD_Card (at 0.425 -9.575) (layer B.Fab)
      (effects (font (size 1 1) (thickness 0.15)) (justify mirror))
    )
    (fp_arc (start -4.575 -13.225) (end -4.575 -13.725) (angle -90) (layer B.Fab) (width 0.1))
    (fp_arc (start 5.425 -13.225) (end 5.925 -13.225) (angle -90) (layer B.Fab) (width 0.1))
    (fp_arc (start -4.575 -9.225) (end -4.575 -9.725) (angle -90) (layer B.Fab) (width 0.1))
    (fp_arc (start 5.425 -9.225) (end 5.925 -9.225) (angle -90) (layer B.Fab) (width 0.1))
    (fp_line (start -3.375 7.885) (end -3.925 7.885) (layer B.SilkS) (width 0.12))
    (fp_line (start 6.475 7.885) (end 6.985 7.885) (layer B.SilkS) (width 0.12))
    (fp_line (start 7.225 -0.775) (end 7.225 7.275) (layer Dwgs.User) (width 0.1))
    (fp_line (start -5.075 -8.225) (end -5.075 -13.225) (layer B.Fab) (width 0.1))
    (fp_line (start 5.925 -13.225) (end 5.925 -7.275) (layer B.Fab) (width 0.1))
    (fp_line (start -4.575 -13.725) (end 5.425 -13.725) (layer B.Fab) (width 0.1))
    (fp_line (start -7.88 8.82) (end 7.82 8.82) (layer B.CrtYd) (width 0.05))
    (fp_line (start 7.82 8.82) (end 7.82 -8.88) (layer B.CrtYd) (width 0.05))
    (fp_line (start 7.82 -8.88) (end -7.88 -8.88) (layer B.CrtYd) (width 0.05))
    (fp_line (start -7.88 -8.88) (end -7.88 8.82) (layer B.CrtYd) (width 0.05))
    (fp_line (start -6.925 7.825) (end 6.925 7.825) (layer B.Fab) (width 0.1))
    (fp_line (start 6.925 -7.725) (end 6.925 7.825) (layer B.Fab) (width 0.1))
    (fp_line (start -6.925 -8.225) (end -6.925 7.825) (layer B.Fab) (width 0.1))
    (fp_line (start -2.225 -7.275) (end 5.925 -7.275) (layer B.Fab) (width 0.1))
    (fp_line (start -4.575 -9.725) (end 5.425 -9.725) (layer B.Fab) (width 0.1))
    (fp_line (start -6.985 7.885) (end -5.425 7.885) (layer B.SilkS) (width 0.12))
    (fp_line (start 6.985 7.885) (end 6.985 4.275) (layer B.SilkS) (width 0.12))
    (fp_line (start -6.985 7.885) (end -6.985 -6.175) (layer B.SilkS) (width 0.12))
    (fp_line (start 6.985 2.575) (end 6.985 -2.125) (layer B.SilkS) (width 0.12))
    (fp_line (start -6.925 -8.225) (end -2.725 -8.225) (layer B.Fab) (width 0.1))
    (fp_line (start 6.925 -7.725) (end 5.925 -7.725) (layer B.Fab) (width 0.1))
    (fp_line (start 7.225 7.275) (end 6.475 7.275) (layer Dwgs.User) (width 0.1))
    (fp_line (start 7.225 -0.775) (end 6.475 -0.775) (layer Dwgs.User) (width 0.1))
    (fp_line (start 6.475 -0.775) (end 6.475 7.275) (layer Dwgs.User) (width 0.1))
    (fp_line (start 7.225 -0.775) (end 6.475 -0.425) (layer Dwgs.User) (width 0.1))
    (fp_line (start 6.475 -0.425) (end 7.225 -0.125) (layer Dwgs.User) (width 0.1))
    (fp_line (start 7.225 -0.125) (end 6.475 0.175) (layer Dwgs.User) (width 0.1))
    (fp_line (start 6.475 0.175) (end 7.225 0.475) (layer Dwgs.User) (width 0.1))
    (fp_line (start 7.225 0.475) (end 6.475 0.825) (layer Dwgs.User) (width 0.1))
    (fp_line (start 6.475 0.825) (end 7.225 1.125) (layer Dwgs.User) (width 0.1))
    (fp_line (start 7.225 1.125) (end 6.475 1.425) (layer Dwgs.User) (width 0.1))
    (fp_line (start 6.475 1.425) (end 7.225 1.775) (layer Dwgs.User) (width 0.1))
    (fp_line (start 7.225 1.775) (end 6.475 2.125) (layer Dwgs.User) (width 0.1))
    (fp_line (start 6.475 2.125) (end 7.225 2.375) (layer Dwgs.User) (width 0.1))
    (fp_line (start 7.225 2.375) (end 6.475 2.725) (layer Dwgs.User) (width 0.1))
    (fp_line (start 6.475 2.725) (end 7.225 2.975) (layer Dwgs.User) (width 0.1))
    (fp_line (start 6.985 -3.425) (end 6.985 -4.525) (layer B.SilkS) (width 0.12))
    (fp_line (start 5.865 -7.335) (end -2.165 -7.335) (layer B.SilkS) (width 0.12))
    (fp_line (start -2.165 -7.335) (end -2.165 -7.785) (layer B.SilkS) (width 0.12))
    (fp_line (start 7.225 2.975) (end 6.475 3.325) (layer Dwgs.User) (width 0.1))
    (fp_line (start 6.475 3.325) (end 7.225 3.675) (layer Dwgs.User) (width 0.1))
    (fp_line (start 7.225 3.675) (end 6.475 4.025) (layer Dwgs.User) (width 0.1))
    (fp_line (start 6.475 4.025) (end 7.225 4.375) (layer Dwgs.User) (width 0.1))
    (fp_line (start 7.225 4.375) (end 6.475 4.725) (layer Dwgs.User) (width 0.1))
    (fp_line (start 6.475 4.725) (end 7.225 5.075) (layer Dwgs.User) (width 0.1))
    (fp_line (start 7.225 5.075) (end 6.475 5.425) (layer Dwgs.User) (width 0.1))
    (fp_line (start 6.475 5.425) (end 7.225 5.775) (layer Dwgs.User) (width 0.1))
    (fp_line (start 7.225 5.775) (end 6.475 6.125) (layer Dwgs.User) (width 0.1))
    (fp_line (start 6.475 6.125) (end 7.225 6.475) (layer Dwgs.User) (width 0.1))
    (fp_line (start 7.225 6.475) (end 6.475 6.825) (layer Dwgs.User) (width 0.1))
    (fp_line (start 6.475 6.825) (end 7.225 7.175) (layer Dwgs.User) (width 0.1))
    (fp_line (start -2.225 -7.275) (end -2.225 -7.725) (layer B.Fab) (width 0.1))
    (fp_line (start -2.225 -7.725) (end -2.725 -8.225) (layer B.Fab) (width 0.1))
    (fp_line (start -5.075 -8.285) (end -2.675 -8.285) (layer B.SilkS) (width 0.12))
    (fp_line (start -2.665 -8.275) (end -2.165 -7.785) (layer B.SilkS) (width 0.12))
    (fp_line (start 5.865 -7.335) (end 5.865 -7.785) (layer B.SilkS) (width 0.12))
    (fp_text user %R (at 0.325 -1.575) (layer B.Fab)
      (effects (font (size 1 1) (thickness 0.1)) (justify mirror))
    )
    (fp_text user KEEPOUT (at 6.85 3.25 270) (layer Cmts.User)
      (effects (font (size 0.5 0.5) (thickness 0.07)))
    )
    (pad 11 smd rect (at -5.825 -7.825 135) (size 0.2 0.2) (layers B.Cu B.Paste B.Mask))
    (pad 10 smd rect (at 6.725 -2.775 180) (size 1.2 0.8) (layers B.Cu B.Paste B.Mask))
    (pad 11 smd rect (at -5.575 -8.075 180) (size 0.5 0.5) (layers B.Cu B.Paste B.Mask))
    (pad 8 smd rect (at 4.925 7.625 180) (size 0.7 1.4) (layers B.Cu B.Paste B.Mask)
      (net 38 /PA6))
    (pad 7 smd rect (at 3.825 7.625 180) (size 0.7 1.4) (layers B.Cu B.Paste B.Mask)
      (net 39 /PA7))
    (pad 6 smd rect (at 2.725 7.625 180) (size 0.7 1.4) (layers B.Cu B.Paste B.Mask)
      (net 1 GND))
    (pad 5 smd rect (at 1.625 7.625 180) (size 0.7 1.4) (layers B.Cu B.Paste B.Mask)
      (net 37 /PA5))
    (pad 4 smd rect (at 0.525 7.625 180) (size 0.7 1.4) (layers B.Cu B.Paste B.Mask)
      (net 3 +3V3))
    (pad 3 smd rect (at -0.575 7.625 180) (size 0.7 1.4) (layers B.Cu B.Paste B.Mask)
      (net 50 "Net-(J6-Pad3)"))
    (pad 2 smd rect (at -1.675 7.625 180) (size 0.7 1.4) (layers B.Cu B.Paste B.Mask)
      (net 49 "Net-(J6-Pad2)"))
    (pad 9 smd rect (at 5.875 7.725 180) (size 0.7 1.2) (layers B.Cu B.Paste B.Mask)
      (net 1 GND))
    (pad 11 smd rect (at 6.725 -6.375 180) (size 1.2 3.2) (layers B.Cu B.Paste B.Mask))
    (pad 11 smd rect (at 6.725 3.425 180) (size 1.2 1.2) (layers B.Cu B.Paste B.Mask))
    (pad 11 smd rect (at -4.675 7.625 180) (size 1 1.4) (layers B.Cu B.Paste B.Mask))
    (pad 11 smd rect (at -6.575 -7.375 180) (size 1.5 1.9) (layers B.Cu B.Paste B.Mask))
    (pad 1 smd rect (at -2.775 7.625 180) (size 0.7 1.4) (layers B.Cu B.Paste B.Mask)
      (net 48 "Net-(J6-Pad1)"))
    (model ${KISYS3DMOD}/Connector_Card.3dshapes/microSD_HC_Hirose_DM3BT-DSF-PEJS.wrl
      (at (xyz 0 0 0))
      (scale (xyz 1 1 1))
      (rotate (xyz 0 0 0))
    )
  )

  (module Capacitor_SMD:C_0805_2012Metric (layer F.Cu) (tedit 5B36C52B) (tstamp 5E6DEF57)
    (at 72.773041 36.568361)
    (descr "Capacitor SMD 0805 (2012 Metric), square (rectangular) end terminal, IPC_7351 nominal, (Body size source: https://docs.google.com/spreadsheets/d/1BsfQQcO9C6DZCsRaXUlFlo91Tg2WpOkGARC1WS5S8t0/edit?usp=sharing), generated with kicad-footprint-generator")
    (tags capacitor)
    (path /5E6D58D2)
    (attr smd)
    (fp_text reference C1 (at 0 -1.65) (layer F.SilkS)
      (effects (font (size 1 1) (thickness 0.15)))
    )
    (fp_text value C_Small (at 0 1.65) (layer F.Fab)
      (effects (font (size 1 1) (thickness 0.15)))
    )
    (fp_text user %R (at 0 0) (layer F.Fab)
      (effects (font (size 0.5 0.5) (thickness 0.08)))
    )
    (fp_line (start 1.68 0.95) (end -1.68 0.95) (layer F.CrtYd) (width 0.05))
    (fp_line (start 1.68 -0.95) (end 1.68 0.95) (layer F.CrtYd) (width 0.05))
    (fp_line (start -1.68 -0.95) (end 1.68 -0.95) (layer F.CrtYd) (width 0.05))
    (fp_line (start -1.68 0.95) (end -1.68 -0.95) (layer F.CrtYd) (width 0.05))
    (fp_line (start -0.258578 0.71) (end 0.258578 0.71) (layer F.SilkS) (width 0.12))
    (fp_line (start -0.258578 -0.71) (end 0.258578 -0.71) (layer F.SilkS) (width 0.12))
    (fp_line (start 1 0.6) (end -1 0.6) (layer F.Fab) (width 0.1))
    (fp_line (start 1 -0.6) (end 1 0.6) (layer F.Fab) (width 0.1))
    (fp_line (start -1 -0.6) (end 1 -0.6) (layer F.Fab) (width 0.1))
    (fp_line (start -1 0.6) (end -1 -0.6) (layer F.Fab) (width 0.1))
    (pad 2 smd roundrect (at 0.9375 0) (size 0.975 1.4) (layers F.Cu F.Paste F.Mask) (roundrect_rratio 0.25)
      (net 1 GND))
    (pad 1 smd roundrect (at -0.9375 0) (size 0.975 1.4) (layers F.Cu F.Paste F.Mask) (roundrect_rratio 0.25)
      (net 2 +5V))
    (model ${KISYS3DMOD}/Capacitor_SMD.3dshapes/C_0805_2012Metric.wrl
      (at (xyz 0 0 0))
      (scale (xyz 1 1 1))
      (rotate (xyz 0 0 0))
    )
  )

  (module Capacitor_SMD:C_0805_2012Metric (layer F.Cu) (tedit 5B36C52B) (tstamp 5E6E9FAF)
    (at 96.918491 36.563817)
    (descr "Capacitor SMD 0805 (2012 Metric), square (rectangular) end terminal, IPC_7351 nominal, (Body size source: https://docs.google.com/spreadsheets/d/1BsfQQcO9C6DZCsRaXUlFlo91Tg2WpOkGARC1WS5S8t0/edit?usp=sharing), generated with kicad-footprint-generator")
    (tags capacitor)
    (path /5E6E88A9)
    (attr smd)
    (fp_text reference C2 (at 0 -1.65) (layer F.SilkS)
      (effects (font (size 1 1) (thickness 0.15)))
    )
    (fp_text value C_Small (at 0 1.65) (layer F.Fab)
      (effects (font (size 1 1) (thickness 0.15)))
    )
    (fp_line (start -1 0.6) (end -1 -0.6) (layer F.Fab) (width 0.1))
    (fp_line (start -1 -0.6) (end 1 -0.6) (layer F.Fab) (width 0.1))
    (fp_line (start 1 -0.6) (end 1 0.6) (layer F.Fab) (width 0.1))
    (fp_line (start 1 0.6) (end -1 0.6) (layer F.Fab) (width 0.1))
    (fp_line (start -0.258578 -0.71) (end 0.258578 -0.71) (layer F.SilkS) (width 0.12))
    (fp_line (start -0.258578 0.71) (end 0.258578 0.71) (layer F.SilkS) (width 0.12))
    (fp_line (start -1.68 0.95) (end -1.68 -0.95) (layer F.CrtYd) (width 0.05))
    (fp_line (start -1.68 -0.95) (end 1.68 -0.95) (layer F.CrtYd) (width 0.05))
    (fp_line (start 1.68 -0.95) (end 1.68 0.95) (layer F.CrtYd) (width 0.05))
    (fp_line (start 1.68 0.95) (end -1.68 0.95) (layer F.CrtYd) (width 0.05))
    (fp_text user %R (at 0 0) (layer F.Fab)
      (effects (font (size 0.5 0.5) (thickness 0.08)))
    )
    (pad 1 smd roundrect (at -0.9375 0) (size 0.975 1.4) (layers F.Cu F.Paste F.Mask) (roundrect_rratio 0.25)
      (net 1 GND))
    (pad 2 smd roundrect (at 0.9375 0) (size 0.975 1.4) (layers F.Cu F.Paste F.Mask) (roundrect_rratio 0.25)
      (net 2 +5V))
    (model ${KISYS3DMOD}/Capacitor_SMD.3dshapes/C_0805_2012Metric.wrl
      (at (xyz 0 0 0))
      (scale (xyz 1 1 1))
      (rotate (xyz 0 0 0))
    )
  )

  (module Capacitor_SMD:C_0805_2012Metric (layer F.Cu) (tedit 5B36C52B) (tstamp 5E6DEF79)
    (at 94.503946 36.588809)
    (descr "Capacitor SMD 0805 (2012 Metric), square (rectangular) end terminal, IPC_7351 nominal, (Body size source: https://docs.google.com/spreadsheets/d/1BsfQQcO9C6DZCsRaXUlFlo91Tg2WpOkGARC1WS5S8t0/edit?usp=sharing), generated with kicad-footprint-generator")
    (tags capacitor)
    (path /5E8C4E7A)
    (attr smd)
    (fp_text reference C3 (at 0 -1.65) (layer F.SilkS)
      (effects (font (size 1 1) (thickness 0.15)))
    )
    (fp_text value C_Small (at 0 1.65) (layer F.Fab)
      (effects (font (size 1 1) (thickness 0.15)))
    )
    (fp_line (start -1 0.6) (end -1 -0.6) (layer F.Fab) (width 0.1))
    (fp_line (start -1 -0.6) (end 1 -0.6) (layer F.Fab) (width 0.1))
    (fp_line (start 1 -0.6) (end 1 0.6) (layer F.Fab) (width 0.1))
    (fp_line (start 1 0.6) (end -1 0.6) (layer F.Fab) (width 0.1))
    (fp_line (start -0.258578 -0.71) (end 0.258578 -0.71) (layer F.SilkS) (width 0.12))
    (fp_line (start -0.258578 0.71) (end 0.258578 0.71) (layer F.SilkS) (width 0.12))
    (fp_line (start -1.68 0.95) (end -1.68 -0.95) (layer F.CrtYd) (width 0.05))
    (fp_line (start -1.68 -0.95) (end 1.68 -0.95) (layer F.CrtYd) (width 0.05))
    (fp_line (start 1.68 -0.95) (end 1.68 0.95) (layer F.CrtYd) (width 0.05))
    (fp_line (start 1.68 0.95) (end -1.68 0.95) (layer F.CrtYd) (width 0.05))
    (fp_text user %R (at 0 0) (layer F.Fab)
      (effects (font (size 0.5 0.5) (thickness 0.08)))
    )
    (pad 1 smd roundrect (at -0.9375 0) (size 0.975 1.4) (layers F.Cu F.Paste F.Mask) (roundrect_rratio 0.25)
      (net 2 +5V))
    (pad 2 smd roundrect (at 0.9375 0) (size 0.975 1.4) (layers F.Cu F.Paste F.Mask) (roundrect_rratio 0.25)
      (net 1 GND))
    (model ${KISYS3DMOD}/Capacitor_SMD.3dshapes/C_0805_2012Metric.wrl
      (at (xyz 0 0 0))
      (scale (xyz 1 1 1))
      (rotate (xyz 0 0 0))
    )
  )

  (module Capacitor_SMD:C_0805_2012Metric (layer F.Cu) (tedit 5B36C52B) (tstamp 5E6DEF8A)
    (at 46.213046 36.570633)
    (descr "Capacitor SMD 0805 (2012 Metric), square (rectangular) end terminal, IPC_7351 nominal, (Body size source: https://docs.google.com/spreadsheets/d/1BsfQQcO9C6DZCsRaXUlFlo91Tg2WpOkGARC1WS5S8t0/edit?usp=sharing), generated with kicad-footprint-generator")
    (tags capacitor)
    (path /5E8A2AB1)
    (attr smd)
    (fp_text reference C4 (at 0 -1.65) (layer F.SilkS)
      (effects (font (size 1 1) (thickness 0.15)))
    )
    (fp_text value C_Small (at 0 1.65) (layer F.Fab)
      (effects (font (size 1 1) (thickness 0.15)))
    )
    (fp_line (start -1 0.6) (end -1 -0.6) (layer F.Fab) (width 0.1))
    (fp_line (start -1 -0.6) (end 1 -0.6) (layer F.Fab) (width 0.1))
    (fp_line (start 1 -0.6) (end 1 0.6) (layer F.Fab) (width 0.1))
    (fp_line (start 1 0.6) (end -1 0.6) (layer F.Fab) (width 0.1))
    (fp_line (start -0.258578 -0.71) (end 0.258578 -0.71) (layer F.SilkS) (width 0.12))
    (fp_line (start -0.258578 0.71) (end 0.258578 0.71) (layer F.SilkS) (width 0.12))
    (fp_line (start -1.68 0.95) (end -1.68 -0.95) (layer F.CrtYd) (width 0.05))
    (fp_line (start -1.68 -0.95) (end 1.68 -0.95) (layer F.CrtYd) (width 0.05))
    (fp_line (start 1.68 -0.95) (end 1.68 0.95) (layer F.CrtYd) (width 0.05))
    (fp_line (start 1.68 0.95) (end -1.68 0.95) (layer F.CrtYd) (width 0.05))
    (fp_text user %R (at 0 0) (layer F.Fab)
      (effects (font (size 0.5 0.5) (thickness 0.08)))
    )
    (pad 1 smd roundrect (at -0.9375 0) (size 0.975 1.4) (layers F.Cu F.Paste F.Mask) (roundrect_rratio 0.25)
      (net 1 GND))
    (pad 2 smd roundrect (at 0.9375 0) (size 0.975 1.4) (layers F.Cu F.Paste F.Mask) (roundrect_rratio 0.25)
      (net 3 +3V3))
    (model ${KISYS3DMOD}/Capacitor_SMD.3dshapes/C_0805_2012Metric.wrl
      (at (xyz 0 0 0))
      (scale (xyz 1 1 1))
      (rotate (xyz 0 0 0))
    )
  )

  (module Capacitor_SMD:C_0805_2012Metric (layer F.Cu) (tedit 5B36C52B) (tstamp 5E6DEF9B)
    (at 58.285771 36.566089)
    (descr "Capacitor SMD 0805 (2012 Metric), square (rectangular) end terminal, IPC_7351 nominal, (Body size source: https://docs.google.com/spreadsheets/d/1BsfQQcO9C6DZCsRaXUlFlo91Tg2WpOkGARC1WS5S8t0/edit?usp=sharing), generated with kicad-footprint-generator")
    (tags capacitor)
    (path /5E9F358B)
    (attr smd)
    (fp_text reference C5 (at 0 -1.65) (layer F.SilkS)
      (effects (font (size 1 1) (thickness 0.15)))
    )
    (fp_text value C_Small (at 0 1.65) (layer F.Fab)
      (effects (font (size 1 1) (thickness 0.15)))
    )
    (fp_line (start -1 0.6) (end -1 -0.6) (layer F.Fab) (width 0.1))
    (fp_line (start -1 -0.6) (end 1 -0.6) (layer F.Fab) (width 0.1))
    (fp_line (start 1 -0.6) (end 1 0.6) (layer F.Fab) (width 0.1))
    (fp_line (start 1 0.6) (end -1 0.6) (layer F.Fab) (width 0.1))
    (fp_line (start -0.258578 -0.71) (end 0.258578 -0.71) (layer F.SilkS) (width 0.12))
    (fp_line (start -0.258578 0.71) (end 0.258578 0.71) (layer F.SilkS) (width 0.12))
    (fp_line (start -1.68 0.95) (end -1.68 -0.95) (layer F.CrtYd) (width 0.05))
    (fp_line (start -1.68 -0.95) (end 1.68 -0.95) (layer F.CrtYd) (width 0.05))
    (fp_line (start 1.68 -0.95) (end 1.68 0.95) (layer F.CrtYd) (width 0.05))
    (fp_line (start 1.68 0.95) (end -1.68 0.95) (layer F.CrtYd) (width 0.05))
    (fp_text user %R (at 0 0) (layer F.Fab)
      (effects (font (size 0.5 0.5) (thickness 0.08)))
    )
    (pad 1 smd roundrect (at -0.9375 0) (size 0.975 1.4) (layers F.Cu F.Paste F.Mask) (roundrect_rratio 0.25)
      (net 2 +5V))
    (pad 2 smd roundrect (at 0.9375 0) (size 0.975 1.4) (layers F.Cu F.Paste F.Mask) (roundrect_rratio 0.25)
      (net 1 GND))
    (model ${KISYS3DMOD}/Capacitor_SMD.3dshapes/C_0805_2012Metric.wrl
      (at (xyz 0 0 0))
      (scale (xyz 1 1 1))
      (rotate (xyz 0 0 0))
    )
  )

  (module Capacitor_SMD:C_0805_2012Metric (layer F.Cu) (tedit 5B36C52B) (tstamp 5E6DEFAC)
    (at 48.627591 36.572905)
    (descr "Capacitor SMD 0805 (2012 Metric), square (rectangular) end terminal, IPC_7351 nominal, (Body size source: https://docs.google.com/spreadsheets/d/1BsfQQcO9C6DZCsRaXUlFlo91Tg2WpOkGARC1WS5S8t0/edit?usp=sharing), generated with kicad-footprint-generator")
    (tags capacitor)
    (path /5E6E3C08)
    (attr smd)
    (fp_text reference C6 (at 0 -1.65) (layer F.SilkS)
      (effects (font (size 1 1) (thickness 0.15)))
    )
    (fp_text value C_Small (at 0 1.65) (layer F.Fab)
      (effects (font (size 1 1) (thickness 0.15)))
    )
    (fp_line (start -1 0.6) (end -1 -0.6) (layer F.Fab) (width 0.1))
    (fp_line (start -1 -0.6) (end 1 -0.6) (layer F.Fab) (width 0.1))
    (fp_line (start 1 -0.6) (end 1 0.6) (layer F.Fab) (width 0.1))
    (fp_line (start 1 0.6) (end -1 0.6) (layer F.Fab) (width 0.1))
    (fp_line (start -0.258578 -0.71) (end 0.258578 -0.71) (layer F.SilkS) (width 0.12))
    (fp_line (start -0.258578 0.71) (end 0.258578 0.71) (layer F.SilkS) (width 0.12))
    (fp_line (start -1.68 0.95) (end -1.68 -0.95) (layer F.CrtYd) (width 0.05))
    (fp_line (start -1.68 -0.95) (end 1.68 -0.95) (layer F.CrtYd) (width 0.05))
    (fp_line (start 1.68 -0.95) (end 1.68 0.95) (layer F.CrtYd) (width 0.05))
    (fp_line (start 1.68 0.95) (end -1.68 0.95) (layer F.CrtYd) (width 0.05))
    (fp_text user %R (at 0 0) (layer F.Fab)
      (effects (font (size 0.5 0.5) (thickness 0.08)))
    )
    (pad 1 smd roundrect (at -0.9375 0) (size 0.975 1.4) (layers F.Cu F.Paste F.Mask) (roundrect_rratio 0.25)
      (net 3 +3V3))
    (pad 2 smd roundrect (at 0.9375 0) (size 0.975 1.4) (layers F.Cu F.Paste F.Mask) (roundrect_rratio 0.25)
      (net 1 GND))
    (model ${KISYS3DMOD}/Capacitor_SMD.3dshapes/C_0805_2012Metric.wrl
      (at (xyz 0 0 0))
      (scale (xyz 1 1 1))
      (rotate (xyz 0 0 0))
    )
  )

  (module Capacitor_SMD:C_0805_2012Metric (layer F.Cu) (tedit 5B36C52B) (tstamp 5E6DEFBD)
    (at 67.943951 36.579721)
    (descr "Capacitor SMD 0805 (2012 Metric), square (rectangular) end terminal, IPC_7351 nominal, (Body size source: https://docs.google.com/spreadsheets/d/1BsfQQcO9C6DZCsRaXUlFlo91Tg2WpOkGARC1WS5S8t0/edit?usp=sharing), generated with kicad-footprint-generator")
    (tags capacitor)
    (path /5E6EF94E)
    (attr smd)
    (fp_text reference C7 (at 0 -1.65) (layer F.SilkS)
      (effects (font (size 1 1) (thickness 0.15)))
    )
    (fp_text value C_Small (at 0 1.65) (layer F.Fab)
      (effects (font (size 1 1) (thickness 0.15)))
    )
    (fp_text user %R (at 0 0) (layer F.Fab)
      (effects (font (size 0.5 0.5) (thickness 0.08)))
    )
    (fp_line (start 1.68 0.95) (end -1.68 0.95) (layer F.CrtYd) (width 0.05))
    (fp_line (start 1.68 -0.95) (end 1.68 0.95) (layer F.CrtYd) (width 0.05))
    (fp_line (start -1.68 -0.95) (end 1.68 -0.95) (layer F.CrtYd) (width 0.05))
    (fp_line (start -1.68 0.95) (end -1.68 -0.95) (layer F.CrtYd) (width 0.05))
    (fp_line (start -0.258578 0.71) (end 0.258578 0.71) (layer F.SilkS) (width 0.12))
    (fp_line (start -0.258578 -0.71) (end 0.258578 -0.71) (layer F.SilkS) (width 0.12))
    (fp_line (start 1 0.6) (end -1 0.6) (layer F.Fab) (width 0.1))
    (fp_line (start 1 -0.6) (end 1 0.6) (layer F.Fab) (width 0.1))
    (fp_line (start -1 -0.6) (end 1 -0.6) (layer F.Fab) (width 0.1))
    (fp_line (start -1 0.6) (end -1 -0.6) (layer F.Fab) (width 0.1))
    (pad 2 smd roundrect (at 0.9375 0) (size 0.975 1.4) (layers F.Cu F.Paste F.Mask) (roundrect_rratio 0.25)
      (net 1 GND))
    (pad 1 smd roundrect (at -0.9375 0) (size 0.975 1.4) (layers F.Cu F.Paste F.Mask) (roundrect_rratio 0.25)
      (net 3 +3V3))
    (model ${KISYS3DMOD}/Capacitor_SMD.3dshapes/C_0805_2012Metric.wrl
      (at (xyz 0 0 0))
      (scale (xyz 1 1 1))
      (rotate (xyz 0 0 0))
    )
  )

  (module Capacitor_SMD:C_0805_2012Metric (layer F.Cu) (tedit 5B36C52B) (tstamp 5E6DEFCE)
    (at 80.016676 36.593353)
    (descr "Capacitor SMD 0805 (2012 Metric), square (rectangular) end terminal, IPC_7351 nominal, (Body size source: https://docs.google.com/spreadsheets/d/1BsfQQcO9C6DZCsRaXUlFlo91Tg2WpOkGARC1WS5S8t0/edit?usp=sharing), generated with kicad-footprint-generator")
    (tags capacitor)
    (path /5E9CB0A7)
    (attr smd)
    (fp_text reference C8 (at 0 -1.65) (layer F.SilkS)
      (effects (font (size 1 1) (thickness 0.15)))
    )
    (fp_text value C_Small (at 0 1.65) (layer F.Fab)
      (effects (font (size 1 1) (thickness 0.15)))
    )
    (fp_text user %R (at 0 0) (layer F.Fab)
      (effects (font (size 0.5 0.5) (thickness 0.08)))
    )
    (fp_line (start 1.68 0.95) (end -1.68 0.95) (layer F.CrtYd) (width 0.05))
    (fp_line (start 1.68 -0.95) (end 1.68 0.95) (layer F.CrtYd) (width 0.05))
    (fp_line (start -1.68 -0.95) (end 1.68 -0.95) (layer F.CrtYd) (width 0.05))
    (fp_line (start -1.68 0.95) (end -1.68 -0.95) (layer F.CrtYd) (width 0.05))
    (fp_line (start -0.258578 0.71) (end 0.258578 0.71) (layer F.SilkS) (width 0.12))
    (fp_line (start -0.258578 -0.71) (end 0.258578 -0.71) (layer F.SilkS) (width 0.12))
    (fp_line (start 1 0.6) (end -1 0.6) (layer F.Fab) (width 0.1))
    (fp_line (start 1 -0.6) (end 1 0.6) (layer F.Fab) (width 0.1))
    (fp_line (start -1 -0.6) (end 1 -0.6) (layer F.Fab) (width 0.1))
    (fp_line (start -1 0.6) (end -1 -0.6) (layer F.Fab) (width 0.1))
    (pad 2 smd roundrect (at 0.9375 0) (size 0.975 1.4) (layers F.Cu F.Paste F.Mask) (roundrect_rratio 0.25)
      (net 1 GND))
    (pad 1 smd roundrect (at -0.9375 0) (size 0.975 1.4) (layers F.Cu F.Paste F.Mask) (roundrect_rratio 0.25)
      (net 3 +3V3))
    (model ${KISYS3DMOD}/Capacitor_SMD.3dshapes/C_0805_2012Metric.wrl
      (at (xyz 0 0 0))
      (scale (xyz 1 1 1))
      (rotate (xyz 0 0 0))
    )
  )

  (module Capacitor_SMD:C_0805_2012Metric (layer F.Cu) (tedit 5B36C52B) (tstamp 5E6DEFDF)
    (at 51.042136 36.577449)
    (descr "Capacitor SMD 0805 (2012 Metric), square (rectangular) end terminal, IPC_7351 nominal, (Body size source: https://docs.google.com/spreadsheets/d/1BsfQQcO9C6DZCsRaXUlFlo91Tg2WpOkGARC1WS5S8t0/edit?usp=sharing), generated with kicad-footprint-generator")
    (tags capacitor)
    (path /5EE0C57A)
    (attr smd)
    (fp_text reference C9 (at 0 -1.65) (layer F.SilkS)
      (effects (font (size 1 1) (thickness 0.15)))
    )
    (fp_text value C_Small (at 0 1.65) (layer F.Fab)
      (effects (font (size 1 1) (thickness 0.15)))
    )
